0 1.000000 1.000000 3.535534 1.913688
1 1.000000 1.000000 2.828427 1.604388
2 1.000000 1.000000 2.828427 1.357062
3 1.000000 1.000000 2.828427 1.345391
4 1.000000 1.000000 2.828427 1.318112
5 1.000000 1.000000 2.828427 1.214975
6 1.000000 1.000000 2.414214 1.218406
7 1.000000 1.000000 2.414214 1.155980
8 1.000000 1.000000 2.414214 1.090416
9 1.000000 1.000000 2.414214 1.080975
10 1.000000 1.000000 2.414214 1.139706
11 1.000000 1.000000 2.414214 1.119706
12 1.000000 1.000000 2.414214 1.068995
13 1.000000 1.000000 2.414214 1.097279
14 1.000000 1.000000 2.414214 1.070711
15 0.541196 0.541196 1.000000 0.995412
16 0.541196 0.541196 2.828427 1.069434
17 0.541196 0.541196 2.828427 1.058221
18 0.541196 0.541196 2.828427 1.057707
19 0.541196 0.541196 2.414214 1.009479
20 0.541196 0.541196 2.828427 1.003040
21 0.000000 0.000000 2.828427 1.121430
22 0.000000 0.000000 2.828427 1.092905
23 0.000000 0.000000 3.073132 1.049492
24 0.000000 0.000000 2.828427 1.076532
25 0.000000 0.000000 2.828427 1.011166
26 0.000000 0.000000 2.414214 0.901611
27 0.000000 0.000000 2.828427 0.891922
28 0.000000 0.000000 2.414214 0.770878
29 0.000000 0.000000 2.828427 0.796245
30 0.000000 0.000000 2.828427 0.757847
31 0.000000 0.000000 2.414214 0.570992
32 0.000000 0.000000 2.828427 0.526804
33 0.000000 0.000000 2.828427 0.560077
34 0.000000 0.000000 2.828427 0.615822
35 0.000000 0.000000 2.828427 0.476003
36 0.000000 0.000000 2.828427 0.512125
37 0.000000 0.000000 2.828427 0.492972
38 0.000000 0.000000 2.828427 0.490099
39 0.000000 0.000000 2.828427 0.565776
40 0.000000 0.000000 2.828427 0.511256
41 0.000000 0.000000 2.828427 0.390659
42 0.000000 0.000000 2.828427 0.586154
43 0.000000 0.000000 2.828427 0.669737
44 0.000000 0.000000 2.828427 0.767908
45 0.000000 0.000000 2.828427 0.678467
46 0.000000 0.000000 2.828427 0.533728
47 0.000000 0.000000 2.828427 0.463017
48 0.000000 0.000000 2.828427 0.487983
49 0.000000 0.000000 2.828427 0.485889
50 0.000000 0.000000 2.828427 0.475065
51 0.000000 0.000000 2.828427 0.480878
52 0.000000 0.000000 2.828427 0.552413
53 0.000000 0.000000 2.828427 0.565330
54 0.000000 0.000000 1.414214 0.339056
55 0.000000 0.000000 2.828427 0.466335
56 0.000000 0.000000 2.828427 0.426003
57 0.000000 0.000000 2.828427 0.456781
58 0.000000 0.000000 2.828427 0.532904
59 0.000000 0.000000 2.828427 0.539540
60 0.000000 0.000000 2.828427 0.503750
61 0.000000 0.000000 2.828427 0.450545
62 0.000000 0.000000 2.828427 0.462148
63 0.000000 0.000000 2.828427 0.653947
64 0.000000 0.000000 2.828427 0.616487
65 0.000000 0.000000 2.828427 0.588203
66 0.000000 0.000000 2.828427 0.737576
67 0.000000 0.000000 2.828427 0.633615
68 0.000000 0.000000 2.828427 0.647311
69 0.000000 0.000000 2.828427 0.619850
70 0.000000 0.000000 2.828427 0.507983
71 0.000000 0.000000 2.828427 0.542080
72 0.000000 0.000000 2.828427 0.595330
73 0.000000 0.000000 2.828427 0.509253
74 0.000000 0.000000 2.828427 0.434733
75 0.000000 0.000000 2.828427 0.465511
76 0.000000 0.000000 2.828427 0.541634
77 0.000000 0.000000 2.828427 0.436827
78 0.000000 0.000000 2.828427 0.487114
79 0.000000 0.000000 2.828427 0.315806
80 0.000000 0.000000 2.828427 0.395647
81 0.000000 0.000000 2.828427 0.420991
82 0.000000 0.000000 2.828427 0.357741
83 0.000000 0.000000 2.828427 0.349846
84 0.000000 0.000000 1.414214 0.352329
85 0.000000 0.000000 2.828427 0.253334
86 0.000000 0.000000 2.828427 0.366917
87 0.000000 0.000000 1.414214 0.272888
88 0.000000 0.000000 2.828427 0.188035
89 0.000000 0.000000 2.828427 0.462148
90 0.000000 0.000000 2.828427 0.566555
91 0.000000 0.000000 2.828427 0.534952
92 0.000000 0.000000 2.828427 0.506668
93 0.000000 0.000000 2.828427 0.360214
94 0.000000 0.000000 2.828427 0.386894
95 0.000000 0.000000 2.828427 0.364022
96 0.000000 0.000000 2.828427 0.638535
97 0.000000 0.000000 2.828427 0.538716
98 0.000000 0.000000 2.828427 0.403931
99 0.000000 0.000000 2.828427 0.450500
