0 0.797735 0.797735 3.702530 2.295551
1 0.797735 0.825784 3.385177 2.045778
2 0.476144 0.476144 3.507489 1.838807
3 0.475781 0.475781 3.726874 1.718736
4 0.474963 0.474963 3.612444 1.823851
5 0.406476 0.406476 3.612418 1.470909
6 0.392443 0.392443 3.681958 1.280985
7 0.314657 0.314657 3.516651 0.753437
8 0.278487 0.278487 1.030360 0.446290
9 0.233695 0.233695 3.688140 0.468770
10 0.193401 0.193401 3.721417 0.633748
11 0.044582 0.044582 3.766311 0.759780
12 0.044582 0.044582 3.727328 0.379050
13 0.033160 0.033160 1.737164 0.308667
14 0.032620 0.032620 3.957499 0.255070
15 0.015592 0.015592 2.117918 0.177176
16 0.013620 0.013620 3.967380 0.307508
17 0.012135 0.012135 3.959053 0.227558
18 0.012105 0.012105 3.987069 0.251216
19 0.010427 0.010427 3.986745 0.151366
20 0.009866 0.009866 3.989573 0.213176
21 0.009769 0.009769 3.989629 0.138874
22 0.009202 0.009202 3.990398 0.502702
23 0.006880 0.006880 3.994829 0.632859
24 0.006872 0.006872 3.993119 0.658774
25 0.006049 0.006049 2.097217 0.269005
26 0.006049 0.006049 1.014450 0.043094
27 0.004529 0.004529 3.991170 0.207812
28 0.004529 0.004529 3.993543 0.350501
29 0.003275 0.003275 2.095975 0.058477
30 0.003274 0.003274 2.000898 0.086787
31 0.003110 0.003110 3.996726 0.388942
32 0.003082 0.003082 3.996725 0.423693
33 0.000460 0.000460 3.996734 0.235905
34 0.000460 0.000460 0.158827 0.008617
35 0.000460 0.000460 3.996682 0.378639
36 0.000127 0.000127 3.997152 0.328240
37 0.000111 0.000111 1.971036 0.146872
38 0.000111 0.000111 3.997249 0.222116
39 0.000104 0.000104 3.999540 0.130579
40 0.000102 0.000102 3.999880 0.253919
41 0.000074 0.000074 3.999915 0.403567
42 0.000074 0.000074 3.999898 0.345401
43 0.000055 0.000055 3.999289 0.263013
44 0.000055 0.000055 3.999945 0.390724
45 0.000054 0.000054 3.999926 0.342286
46 0.000053 0.000053 3.999945 0.153369
47 0.000053 0.000053 3.999944 0.212447
48 0.000049 0.000049 3.999947 0.370647
49 0.000012 0.000012 2.013053 0.103313
50 0.000009 0.000009 0.585242 0.021956
51 0.000009 0.000010 3.999991 0.132391
52 0.000004 0.000004 3.999952 0.252528
53 0.000004 0.000004 3.999992 0.295813
54 0.000003 0.000003 3.999991 0.329356
55 0.000003 0.000003 2.000778 0.229938
56 0.000003 0.000003 3.999996 0.523451
57 0.000003 0.000003 3.999996 0.265167
58 0.000003 0.000003 3.999977 0.144468
59 0.000003 0.000003 3.999996 0.283629
60 0.000002 0.000002 3.999994 0.279606
61 0.000002 0.000002 3.999998 0.300609
62 0.000002 0.000002 3.961379 0.203214
63 0.000001 0.000001 3.999842 0.116860
64 0.000001 0.000001 1.999555 0.097060
65 0.000001 0.000001 3.999999 0.390104
66 0.000001 0.000001 3.999999 0.452655
67 0.000001 0.000001 0.889191 0.078473
68 0.000001 0.000001 2.000975 0.130539
69 0.000001 0.000001 3.999993 0.232180
70 0.000000 0.000000 3.847460 0.133518
71 0.000000 0.000000 3.999999 0.305117
72 0.000000 0.000000 1.998053 0.058388
73 0.000000 0.000000 3.999842 0.320485
74 0.000000 0.000000 3.999842 0.174135
75 0.000000 0.000000 4.000000 0.560141
76 0.000000 0.000000 2.390763 0.143735
77 0.000000 0.000000 4.000000 0.311882
78 0.000000 0.000000 2.000022 0.179103
79 0.000000 0.000000 3.999999 0.274527
80 0.000000 0.000000 4.000000 0.269201
81 0.000000 0.000000 4.000000 0.337554
82 0.000000 0.000000 4.000000 0.261667
83 0.000000 0.000000 4.000000 0.233382
84 0.000000 0.000000 4.000000 0.462617
85 0.000000 0.000000 4.000000 0.210286
86 0.000000 0.000000 4.000000 0.211730
87 0.000000 0.000000 3.999962 0.119847
88 0.000000 0.000000 2.000020 0.109587
89 0.000000 0.000000 4.000000 0.158900
90 0.000000 0.000000 1.999970 0.187451
91 0.000000 0.000000 3.999999 0.295273
92 0.000000 0.000000 4.000000 0.320940
93 0.000000 0.000000 3.999840 0.156026
94 0.000000 0.000000 4.000000 0.671214
95 0.000000 0.000000 4.000000 0.380755
96 0.000000 0.000000 4.000000 0.188269
97 0.000000 0.000000 2.049103 0.071135
98 0.000000 0.000000 4.000000 0.355692
99 0.000000 0.000000 0.603252 0.034468
