0 1.315199 1.315199 6.378217 4.060745
1 0.716970 0.716970 5.606561 2.455052
2 0.714414 0.714414 3.350036 1.814104
3 0.595716 0.595716 2.299438 1.344853
4 0.535366 0.535366 2.082547 1.017749
5 0.459584 0.459584 1.383796 0.822599
6 0.369015 0.369015 1.203725 0.637702
7 0.303519 0.303519 0.852208 0.511845
8 0.224860 0.224860 0.793768 0.429500
9 0.169445 0.169445 0.505222 0.342149
10 0.169445 0.174227 0.477202 0.294370
11 0.156787 0.156787 0.555664 0.258032
12 0.147363 0.147363 0.470733 0.224172
13 0.130767 0.130767 0.243908 0.179694
14 0.112560 0.112560 0.196568 0.156992
15 0.106895 0.106895 0.170903 0.136489
16 0.103847 0.103847 0.138917 0.122557
17 0.083526 0.083526 0.139398 0.115402
18 0.083526 0.088414 0.132295 0.106935
19 0.079574 0.079574 0.125298 0.096832
20 0.069205 0.069205 0.105613 0.087672
21 0.069205 0.070112 0.095718 0.081459
22 0.060345 0.060345 0.095110 0.076080
23 0.054069 0.054069 0.079949 0.069420
24 0.049371 0.049371 0.080605 0.063649
25 0.042827 0.042827 0.077020 0.057322
26 0.038243 0.038243 0.068479 0.049352
27 0.031707 0.031707 0.064239 0.046150
28 0.030119 0.030119 0.054865 0.040300
29 0.026168 0.026168 0.053436 0.036964
30 0.017223 0.017223 0.044576 0.032026
31 0.016150 0.016150 0.036027 0.027140
32 0.014885 0.014885 0.032974 0.022766
33 0.010281 0.010281 0.028867 0.020162
34 0.009870 0.009870 0.025434 0.018090
35 0.009299 0.009299 0.027264 0.015755
36 0.007914 0.007914 0.023016 0.013166
37 0.006387 0.006387 0.019946 0.011459
38 0.006179 0.006179 0.014018 0.010219
39 0.005179 0.005179 0.016275 0.008679
40 0.004252 0.004252 0.016554 0.007782
41 0.003533 0.003533 0.012162 0.006781
42 0.002331 0.002331 0.013768 0.006074
43 0.002125 0.002125 0.011131 0.005396
44 0.002125 0.002138 0.010554 0.005055
45 0.001704 0.001704 0.009319 0.004330
46 0.001519 0.001519 0.008419 0.003681
47 0.001519 0.001614 0.009791 0.003976
48 0.001519 0.001520 0.007195 0.003472
49 0.001492 0.001492 0.010784 0.003642
50 0.001492 0.001576 0.007015 0.003075
51 0.001179 0.001179 0.008330 0.003196
52 0.001019 0.001019 0.008240 0.003199
53 0.001019 0.001134 0.007756 0.003004
54 0.000971 0.000971 0.005447 0.002544
55 0.000941 0.000941 0.005343 0.002634
56 0.000858 0.000858 0.007004 0.002626
57 0.000701 0.000701 0.007185 0.002904
58 0.000639 0.000639 0.005464 0.002601
59 0.000639 0.000660 0.008839 0.002977
60 0.000639 0.000905 0.006206 0.002592
61 0.000639 0.000737 0.007599 0.002517
62 0.000639 0.001055 0.005213 0.002449
63 0.000639 0.000965 0.006182 0.002360
64 0.000639 0.000863 0.005497 0.002451
65 0.000639 0.000998 0.007650 0.003073
66 0.000639 0.000907 0.004624 0.002432
67 0.000639 0.000909 0.005650 0.002309
68 0.000639 0.000740 0.005341 0.002268
69 0.000639 0.000788 0.006562 0.002325
70 0.000639 0.000946 0.007573 0.002598
71 0.000639 0.000830 0.009250 0.002691
72 0.000622 0.000622 0.008300 0.002668
73 0.000622 0.000773 0.005899 0.002419
74 0.000622 0.000662 0.006310 0.002143
75 0.000622 0.000756 0.008159 0.002295
76 0.000622 0.000656 0.004508 0.001892
77 0.000497 0.000497 0.004952 0.002021
78 0.000497 0.000707 0.004469 0.002122
79 0.000497 0.000677 0.008032 0.002268
80 0.000497 0.000688 0.006536 0.002264
81 0.000497 0.000531 0.006368 0.002214
82 0.000497 0.000641 0.012877 0.002657
83 0.000497 0.000631 0.005654 0.002385
84 0.000497 0.000581 0.006273 0.001932
85 0.000497 0.000617 0.004531 0.001849
86 0.000497 0.000522 0.006475 0.001892
87 0.000497 0.000754 0.005558 0.002103
88 0.000497 0.000564 0.005679 0.002015
89 0.000479 0.000479 0.006508 0.001956
90 0.000479 0.000617 0.004732 0.001714
91 0.000479 0.000579 0.003962 0.001700
92 0.000479 0.000617 0.005058 0.002132
93 0.000479 0.000521 0.004220 0.001823
94 0.000479 0.000623 0.005688 0.002152
95 0.000479 0.000537 0.004759 0.001934
96 0.000479 0.000519 0.005535 0.002030
97 0.000479 0.000540 0.005226 0.002156
98 0.000479 0.000486 0.011546 0.002506
99 0.000479 0.000588 0.004445 0.001956
