0 1.777477 1.777477 6.756957 4.144874
1 1.023439 1.023439 4.401037 2.912726
2 0.852642 0.852642 3.695380 2.174242
3 0.774546 0.774546 2.423765 1.621083
4 0.683265 0.683265 2.037387 1.202894
5 0.429257 0.429257 1.327555 0.918533
6 0.363058 0.363058 1.099249 0.744308
7 0.299732 0.299732 0.814495 0.562149
8 0.299732 0.299852 0.569692 0.420236
9 0.278793 0.278793 0.464641 0.353269
10 0.265162 0.265162 0.374416 0.314702
11 0.261537 0.261537 0.327914 0.288161
12 0.244962 0.244962 0.298337 0.271269
13 0.233769 0.233769 0.290473 0.261147
14 0.232757 0.232757 0.275982 0.250404
15 0.230901 0.230901 0.251987 0.240111
16 0.226879 0.226879 0.242726 0.234376
17 0.224488 0.224488 0.239379 0.230923
18 0.218376 0.218376 0.232495 0.226742
19 0.216521 0.216521 0.229553 0.223642
20 0.210337 0.210337 0.227033 0.220402
21 0.210337 0.212933 0.221857 0.217127
22 0.207458 0.207458 0.220351 0.214078
23 0.206154 0.206154 0.220037 0.211722
24 0.198864 0.198864 0.218016 0.209193
25 0.197442 0.197442 0.214041 0.206630
26 0.194279 0.194279 0.208720 0.202457
27 0.190157 0.190157 0.206738 0.199521
28 0.188563 0.188563 0.206344 0.196227
29 0.184446 0.184446 0.200330 0.192655
30 0.183376 0.183376 0.196148 0.189204
31 0.178834 0.178834 0.191564 0.186583
32 0.175790 0.175790 0.192132 0.183784
33 0.173750 0.173750 0.185114 0.179755
34 0.169249 0.169249 0.180465 0.176196
35 0.165514 0.165514 0.180764 0.173690
36 0.163700 0.163700 0.177990 0.170862
37 0.160870 0.160870 0.172575 0.167475
38 0.158505 0.158505 0.169310 0.164889
39 0.156766 0.156766 0.168321 0.162000
40 0.154414 0.154414 0.164115 0.158700
41 0.150835 0.150835 0.161334 0.156328
42 0.145124 0.145124 0.160704 0.153947
43 0.144374 0.144374 0.157279 0.150581
44 0.142646 0.142646 0.154157 0.147552
45 0.139803 0.139803 0.150729 0.145089
46 0.135923 0.135923 0.147325 0.142494
47 0.135792 0.135792 0.145936 0.140467
48 0.131264 0.131264 0.145369 0.137902
49 0.128678 0.128678 0.142220 0.135011
50 0.126428 0.126428 0.137522 0.132110
51 0.124475 0.124475 0.134785 0.129947
52 0.119110 0.119110 0.131209 0.126719
53 0.116978 0.116978 0.131973 0.124328
54 0.114859 0.114859 0.128523 0.121501
55 0.113154 0.113154 0.123493 0.118395
56 0.111267 0.111267 0.121049 0.116275
57 0.109612 0.109612 0.118584 0.113999
58 0.105721 0.105721 0.117297 0.111919
59 0.105462 0.105462 0.114855 0.109470
60 0.102488 0.102488 0.112222 0.106613
61 0.101457 0.101457 0.109463 0.104425
62 0.097904 0.097904 0.107737 0.102911
63 0.096418 0.096418 0.103640 0.100862
64 0.095014 0.095014 0.103449 0.099035
65 0.093228 0.093228 0.101881 0.097049
66 0.091150 0.091150 0.099023 0.094880
67 0.087824 0.087824 0.098184 0.093073
68 0.085766 0.085766 0.096435 0.091296
69 0.085649 0.085649 0.093650 0.089371
70 0.083388 0.083388 0.090827 0.087518
71 0.081343 0.081343 0.090661 0.085986
72 0.079984 0.079984 0.087763 0.083907
73 0.076901 0.076901 0.085981 0.081965
74 0.072994 0.072994 0.084244 0.079639
75 0.072994 0.073446 0.081074 0.077566
76 0.071802 0.071802 0.080211 0.075654
77 0.069815 0.069815 0.076987 0.073629
78 0.068427 0.068427 0.077914 0.072365
79 0.065840 0.065840 0.075797 0.070326
80 0.063940 0.063940 0.073959 0.068485
81 0.062578 0.062578 0.069504 0.066066
82 0.060285 0.060285 0.067703 0.064236
83 0.059617 0.059617 0.065880 0.062952
84 0.057768 0.057768 0.064481 0.061292
85 0.054955 0.054955 0.063531 0.059798
86 0.053776 0.053776 0.063824 0.057887
87 0.050554 0.050554 0.060094 0.055844
88 0.049371 0.049371 0.058541 0.054405
89 0.048900 0.048900 0.056402 0.052315
90 0.045798 0.045798 0.055859 0.050518
91 0.042180 0.042180 0.053250 0.049049
92 0.041050 0.041050 0.049640 0.047063
93 0.041050 0.041570 0.050362 0.045408
94 0.038865 0.038865 0.047239 0.043285
95 0.037744 0.037744 0.045323 0.041648
96 0.036735 0.036735 0.042979 0.039821
97 0.035348 0.035348 0.042520 0.038467
98 0.033234 0.033234 0.039501 0.036738
99 0.032158 0.032158 0.037907 0.035272
100 0.030884 0.030884 0.037294 0.033770
101 0.029932 0.029932 0.034910 0.032301
102 0.028556 0.028556 0.032570 0.030789
103 0.027417 0.027417 0.031712 0.029631
104 0.026451 0.026451 0.031507 0.028858
105 0.025693 0.025693 0.031547 0.028001
106 0.024821 0.024821 0.028828 0.027100
107 0.023224 0.023224 0.028396 0.026164
108 0.021494 0.021494 0.027364 0.025389
109 0.021337 0.021337 0.026723 0.024272
110 0.019624 0.019624 0.025612 0.023046
111 0.018953 0.018953 0.025090 0.021824
112 0.017790 0.017790 0.023372 0.020541
113 0.017226 0.017226 0.021246 0.019389
114 0.016172 0.016172 0.020917 0.018447
115 0.015392 0.015392 0.019318 0.017547
116 0.014025 0.014025 0.018078 0.016543
117 0.013268 0.013268 0.016923 0.015346
118 0.013036 0.013036 0.016334 0.014525
119 0.012229 0.012229 0.015948 0.013991
120 0.010646 0.010646 0.015171 0.013109
121 0.010230 0.010230 0.014621 0.012409
122 0.009755 0.009755 0.014003 0.011743
123 0.009110 0.009110 0.012440 0.010744
124 0.008238 0.008238 0.012200 0.010061
125 0.007889 0.007889 0.010754 0.009278
126 0.007082 0.007082 0.009780 0.008493
127 0.006627 0.006627 0.008930 0.007919
128 0.006101 0.006101 0.008318 0.007371
129 0.006062 0.006062 0.007937 0.006973
130 0.005185 0.005185 0.007763 0.006604
131 0.004790 0.004790 0.007664 0.006087
132 0.004725 0.004725 0.006791 0.005621
133 0.003668 0.003668 0.006179 0.005215
134 0.003668 0.003814 0.005880 0.004769
135 0.003520 0.003520 0.005383 0.004336
136 0.003121 0.003121 0.004920 0.004005
137 0.003100 0.003100 0.004689 0.003733
138 0.002338 0.002338 0.004602 0.003391
139 0.002044 0.002044 0.003567 0.002949
140 0.001860 0.001860 0.003080 0.002562
141 0.001542 0.001542 0.002967 0.002269
142 0.001429 0.001429 0.002671 0.001997
143 0.001279 0.001279 0.002370 0.001757
144 0.001001 0.001001 0.002048 0.001603
145 0.000861 0.000861 0.001744 0.001342
146 0.000696 0.000696 0.001851 0.001174
147 0.000630 0.000630 0.001364 0.001023
148 0.000514 0.000514 0.001207 0.000893
149 0.000463 0.000463 0.001214 0.000790
150 0.000400 0.000400 0.001109 0.000697
151 0.000285 0.000285 0.000933 0.000591
152 0.000285 0.000355 0.000904 0.000514
153 0.000256 0.000256 0.000724 0.000449
154 0.000136 0.000136 0.000650 0.000366
155 0.000133 0.000133 0.000587 0.000312
156 0.000118 0.000118 0.000452 0.000234
157 0.000083 0.000083 0.000366 0.000211
158 0.000041 0.000041 0.000397 0.000174
159 0.000041 0.000045 0.000340 0.000159
160 0.000041 0.000045 0.000371 0.000131
161 0.000041 0.000048 0.000235 0.000113
162 0.000036 0.000036 0.000275 0.000105
163 0.000022 0.000022 0.000291 0.000100
164 0.000022 0.000022 0.000220 0.000094
165 0.000022 0.000026 0.000276 0.000095
166 0.000022 0.000024 0.000180 0.000087
167 0.000022 0.000022 0.000242 0.000093
168 0.000016 0.000016 0.000218 0.000081
169 0.000016 0.000017 0.000196 0.000077
170 0.000016 0.000017 0.000150 0.000074
171 0.000016 0.000029 0.000220 0.000075
172 0.000016 0.000027 0.000182 0.000076
173 0.000016 0.000022 0.000275 0.000099
174 0.000016 0.000025 0.000197 0.000081
175 0.000016 0.000025 0.000208 0.000081
176 0.000016 0.000027 0.000166 0.000083
177 0.000016 0.000022 0.000151 0.000079
178 0.000016 0.000025 0.000191 0.000076
179 0.000016 0.000016 0.000254 0.000088
180 0.000016 0.000027 0.000189 0.000079
181 0.000016 0.000018 0.000200 0.000079
182 0.000016 0.000025 0.000151 0.000078
183 0.000016 0.000020 0.000222 0.000089
184 0.000016 0.000019 0.000186 0.000085
185 0.000016 0.000026 0.000296 0.000088
186 0.000016 0.000022 0.000195 0.000092
187 0.000016 0.000034 0.000296 0.000094
188 0.000016 0.000023 0.000202 0.000093
189 0.000016 0.000029 0.000213 0.000088
190 0.000016 0.000034 0.000203 0.000087
191 0.000016 0.000025 0.000197 0.000086
192 0.000016 0.000028 0.000233 0.000091
193 0.000015 0.000015 0.000155 0.000085
194 0.000015 0.000024 0.000199 0.000088
195 0.000015 0.000025 0.000297 0.000095
196 0.000015 0.000015 0.000228 0.000091
197 0.000015 0.000032 0.000230 0.000085
198 0.000015 0.000023 0.000177 0.000082
199 0.000015 0.000020 0.000163 0.000085
200 0.000015 0.000026 0.000206 0.000092
201 0.000015 0.000024 0.000164 0.000076
202 0.000015 0.000022 0.000205 0.000077
203 0.000015 0.000023 0.000230 0.000081
204 0.000015 0.000027 0.000192 0.000074
205 0.000015 0.000017 0.000177 0.000080
206 0.000015 0.000020 0.000184 0.000079
207 0.000015 0.000020 0.000196 0.000089
208 0.000015 0.000023 0.000139 0.000076
209 0.000015 0.000018 0.000158 0.000078
210 0.000015 0.000016 0.000187 0.000081
211 0.000015 0.000018 0.000149 0.000073
212 0.000015 0.000025 0.000161 0.000075
213 0.000015 0.000018 0.000171 0.000075
214 0.000015 0.000018 0.000189 0.000075
215 0.000011 0.000011 0.000202 0.000072
216 0.000011 0.000018 0.000172 0.000066
217 0.000011 0.000017 0.000192 0.000068
218 0.000011 0.000018 0.000167 0.000071
219 0.000011 0.000017 0.000262 0.000075
220 0.000011 0.000021 0.000216 0.000079
221 0.000011 0.000023 0.000203 0.000080
222 0.000011 0.000013 0.000262 0.000082
223 0.000011 0.000014 0.000193 0.000078
224 0.000011 0.000012 0.000201 0.000083
225 0.000011 0.000025 0.000203 0.000079
226 0.000011 0.000024 0.000154 0.000080
227 0.000011 0.000024 0.000152 0.000081
228 0.000011 0.000044 0.000339 0.000105
229 0.000011 0.000029 0.000242 0.000099
230 0.000011 0.000022 0.000257 0.000088
231 0.000011 0.000019 0.000168 0.000081
232 0.000011 0.000018 0.000259 0.000088
233 0.000011 0.000020 0.000195 0.000074
234 0.000011 0.000014 0.000164 0.000079
235 0.000011 0.000018 0.000173 0.000080
236 0.000011 0.000017 0.000200 0.000082
237 0.000011 0.000017 0.000166 0.000073
238 0.000011 0.000018 0.000158 0.000076
239 0.000011 0.000015 0.000186 0.000068
240 0.000011 0.000017 0.000193 0.000079
241 0.000011 0.000019 0.000194 0.000070
242 0.000011 0.000017 0.000124 0.000072
243 0.000011 0.000019 0.000147 0.000073
244 0.000011 0.000018 0.000152 0.000069
245 0.000011 0.000016 0.000186 0.000077
246 0.000011 0.000019 0.000191 0.000072
247 0.000011 0.000017 0.000169 0.000076
248 0.000011 0.000016 0.000160 0.000063
249 0.000011 0.000014 0.000132 0.000063
250 0.000011 0.000018 0.000214 0.000067
251 0.000011 0.000014 0.000167 0.000064
252 0.000011 0.000014 0.000146 0.000067
253 0.000011 0.000011 0.000165 0.000070
254 0.000010 0.000010 0.000212 0.000069
255 0.000010 0.000012 0.000187 0.000066
256 0.000010 0.000010 0.000148 0.000071
257 0.000010 0.000013 0.000356 0.000089
258 0.000010 0.000010 0.000166 0.000069
259 0.000010 0.000010 0.000190 0.000074
260 0.000010 0.000018 0.000173 0.000067
261 0.000010 0.000013 0.000249 0.000070
262 0.000010 0.000013 0.000178 0.000072
263 0.000010 0.000014 0.000216 0.000082
264 0.000010 0.000014 0.000241 0.000080
265 0.000010 0.000013 0.000198 0.000069
266 0.000010 0.000011 0.000164 0.000076
267 0.000006 0.000006 0.000286 0.000076
268 0.000006 0.000015 0.000179 0.000070
269 0.000006 0.000016 0.000182 0.000076
270 0.000006 0.000024 0.000322 0.000085
271 0.000006 0.000020 0.000227 0.000094
272 0.000006 0.000024 0.000218 0.000088
273 0.000006 0.000022 0.000227 0.000085
274 0.000006 0.000022 0.000161 0.000085
275 0.000006 0.000023 0.000219 0.000090
276 0.000006 0.000026 0.000349 0.000103
277 0.000006 0.000022 0.000188 0.000085
278 0.000006 0.000028 0.000222 0.000084
279 0.000006 0.000023 0.000263 0.000081
280 0.000006 0.000023 0.000324 0.000088
281 0.000006 0.000015 0.000150 0.000076
282 0.000006 0.000024 0.000179 0.000077
283 0.000006 0.000020 0.000239 0.000079
284 0.000006 0.000020 0.000204 0.000069
285 0.000006 0.000019 0.000226 0.000069
286 0.000006 0.000024 0.000166 0.000070
287 0.000006 0.000026 0.000221 0.000090
288 0.000006 0.000020 0.000178 0.000084
289 0.000006 0.000017 0.000205 0.000085
290 0.000006 0.000027 0.000170 0.000080
291 0.000006 0.000023 0.000344 0.000097
292 0.000006 0.000025 0.000188 0.000084
293 0.000006 0.000021 0.000196 0.000070
294 0.000006 0.000018 0.000163 0.000074
295 0.000006 0.000025 0.000281 0.000091
296 0.000006 0.000018 0.000224 0.000087
297 0.000006 0.000011 0.000201 0.000074
298 0.000006 0.000008 0.000219 0.000073
299 0.000006 0.000021 0.000311 0.000086
300 0.000006 0.000017 0.000159 0.000068
301 0.000006 0.000017 0.000160 0.000077
302 0.000006 0.000018 0.000275 0.000070
303 0.000006 0.000019 0.000171 0.000072
304 0.000006 0.000016 0.000170 0.000077
305 0.000006 0.000024 0.000349 0.000103
306 0.000006 0.000019 0.000124 0.000068
307 0.000006 0.000019 0.000156 0.000070
308 0.000006 0.000020 0.000134 0.000069
309 0.000006 0.000018 0.000193 0.000077
310 0.000006 0.000017 0.000234 0.000073
311 0.000006 0.000021 0.000196 0.000079
312 0.000006 0.000021 0.000188 0.000089
313 0.000006 0.000026 0.000226 0.000088
314 0.000006 0.000017 0.000192 0.000079
315 0.000006 0.000012 0.000161 0.000074
316 0.000006 0.000019 0.000201 0.000083
317 0.000006 0.000017 0.000176 0.000076
318 0.000006 0.000018 0.000196 0.000078
319 0.000006 0.000017 0.000244 0.000073
320 0.000006 0.000022 0.000244 0.000085
321 0.000006 0.000029 0.000265 0.000087
322 0.000006 0.000024 0.000183 0.000094
323 0.000006 0.000026 0.000202 0.000088
324 0.000006 0.000014 0.000239 0.000085
325 0.000006 0.000021 0.000186 0.000078
326 0.000006 0.000021 0.000140 0.000074
327 0.000006 0.000026 0.000236 0.000084
328 0.000006 0.000020 0.000210 0.000086
329 0.000006 0.000031 0.000177 0.000077
330 0.000006 0.000023 0.000213 0.000077
331 0.000006 0.000019 0.000187 0.000077
332 0.000006 0.000026 0.000213 0.000083
333 0.000006 0.000022 0.000174 0.000084
334 0.000006 0.000024 0.000174 0.000079
335 0.000006 0.000029 0.000162 0.000078
336 0.000006 0.000027 0.000181 0.000086
337 0.000006 0.000021 0.000266 0.000090
338 0.000006 0.000022 0.000173 0.000078
339 0.000006 0.000020 0.000189 0.000074
340 0.000006 0.000023 0.000183 0.000082
341 0.000006 0.000029 0.000332 0.000090
342 0.000006 0.000032 0.000182 0.000086
343 0.000006 0.000030 0.000306 0.000099
344 0.000006 0.000027 0.000282 0.000097
345 0.000006 0.000030 0.000201 0.000087
346 0.000006 0.000028 0.000182 0.000082
347 0.000006 0.000022 0.000170 0.000073
348 0.000006 0.000020 0.000190 0.000080
349 0.000006 0.000011 0.000220 0.000082
350 0.000006 0.000015 0.000194 0.000074
351 0.000006 0.000016 0.000178 0.000070
352 0.000006 0.000018 0.000234 0.000084
353 0.000006 0.000011 0.000266 0.000076
354 0.000006 0.000018 0.000188 0.000073
355 0.000006 0.000023 0.000203 0.000083
356 0.000006 0.000016 0.000207 0.000083
357 0.000006 0.000019 0.000194 0.000076
358 0.000006 0.000015 0.000395 0.000089
359 0.000006 0.000016 0.000211 0.000075
360 0.000006 0.000025 0.000231 0.000076
361 0.000006 0.000020 0.000215 0.000071
362 0.000006 0.000029 0.000161 0.000072
363 0.000006 0.000020 0.000160 0.000078
364 0.000006 0.000028 0.000220 0.000091
365 0.000006 0.000028 0.000248 0.000096
366 0.000006 0.000022 0.000317 0.000087
367 0.000006 0.000027 0.000263 0.000097
368 0.000006 0.000019 0.000325 0.000108
369 0.000006 0.000030 0.000229 0.000095
370 0.000006 0.000036 0.000234 0.000085
371 0.000006 0.000029 0.000201 0.000086
372 0.000006 0.000035 0.000216 0.000099
373 0.000006 0.000034 0.000201 0.000098
374 0.000006 0.000024 0.000219 0.000092
375 0.000006 0.000021 0.000195 0.000079
376 0.000006 0.000020 0.000201 0.000089
377 0.000006 0.000033 0.000274 0.000099
378 0.000006 0.000033 0.000229 0.000093
379 0.000006 0.000029 0.000252 0.000095
380 0.000006 0.000025 0.000171 0.000090
381 0.000006 0.000025 0.000268 0.000092
382 0.000006 0.000030 0.000382 0.000104
383 0.000006 0.000021 0.000517 0.000117
384 0.000006 0.000029 0.000181 0.000084
385 0.000006 0.000014 0.000214 0.000098
386 0.000006 0.000030 0.000193 0.000091
387 0.000006 0.000025 0.000246 0.000090
388 0.000006 0.000018 0.000215 0.000090
389 0.000006 0.000019 0.000171 0.000077
390 0.000006 0.000019 0.000266 0.000098
391 0.000006 0.000022 0.000214 0.000087
392 0.000006 0.000025 0.000387 0.000104
393 0.000006 0.000027 0.000185 0.000091
394 0.000006 0.000022 0.000248 0.000086
395 0.000006 0.000018 0.000189 0.000085
396 0.000006 0.000018 0.000161 0.000083
397 0.000006 0.000025 0.000201 0.000073
398 0.000006 0.000021 0.000148 0.000069
399 0.000006 0.000020 0.000174 0.000081
